
62021 148.015730772 0.156470842482 0.98778197727 0.499999999484 2.65590164249e-09 
62022 148.015740363 3.38879300694e-05 1.93390301787 0.499999997804 9.11409561644e-08 
62023 148.015755723 0.617965320678 1.31348161603 0.499999947452 4.52037575316e-08 
62024 148.015737614 0.082178542549 1.37151874615 0.499999987982 2.62517950707e-08 
62025 143.527163241 0.39708253854 5.92913508267 0.499999999985 0.212126452585 
62026 56.0416996916 0.914105435686 11.4504260869 0.5 0.878787869626 
62027 148.015775934 0.477355873133 1.76065063711 0.499999993341 6.62047782445e-07 
62028 148.015772077 0.400314984487 2.09223003911 0.499999916352 1.00129938116e-07 
62029 148.015738224 0.0995938536511 3.90683641119 0.499999989746 3.48645262668e-08 
