subj RL RL_auto switch switch_prob bias random
12312 85.3046832558 0.0151454203132 10.4808529837 0.499997686127 0.768575064566 
12314 64.3784111936 0.00676694136697 12.8671049522 0.499999995946 0.875072830972 
12315 92.2454919464 0.0124249130727 17.966620785 0.499995588102 0.727154189909 
12316 89.8036648486 0.0728016865802 1.99984954535 0.499999997381 0.744369263044 
12317 96.5643181514 0.0541103584635 3.32768506256 0.499999999471 0.702392820071 
12318 33.5248236867 0.00860990067898 8.44906091884 9.78867690869e-07 0.999999997714 
12319 48.6720530238 0.0663367569335 2.65807779545 0.499999999593 0.929264434372 
12320 37.0204331935 0.0140347821487 10.0925735415 0.499934533188 0.974919391013 
12329 122.348579376 0.0752990422753 2.16386977768 0.499999994478 0.507652060768 
12330 103.188157487 0.0102588770498 18.1331205747 0.49997290365 0.65904693532 
-1 88.5357433236 0.0144126307014 8.73455928977 0.49998849233 0.758186478317 
12343 97.4375861571 0.227891340609 1.29390798844 0.499999999882 0.698745693617 
12344 62.5094323687 0.203487384565 1.09188031987 0.499999999346 0.895870522196 
12345 103.172105321 0.100187618999 2.24908801443 0.499999999974 0.668361634523 
12346 37.754994032 5.38114058485e-05 882.318893464 0.473654643336 0.999999993715 
12347 38.9218234263 0.00144088148123 38.6591943067 0.000718952566524 0.999996032752 
12348 51.540942388 0.00164258592266 58.2535695246 0.499999999823 0.92472868348 
12359 33.4160042913 0.00713976824233 23.2270548334 0.499999998007 0.976246748846 
12360 110.404267417 0.9950910094 4.55629447641 0.5 0.595959613483 
12361 54.356793707 0.00794018392141 11.901148007 0.499999999998 0.922944150375 
12362 74.4012829302 0.00352281192827 6.48781438393 2.14031795006e-06 0.999999999063 
12363 123.674955776 0.0857969323419 1.95708948189 0.499999998078 0.507700000527 
12386 100.411499452 0.0230536237787 5.66865861109 0.499999999818 0.681323851058 
12387 95.8384552792 0.0678699776057 3.3707098172 0.499999999952 0.706104187639 
12388 125.340203423 0.0709626428409 1.27322974373 0.49999053388 0.498830419109 
12389 23.8858947324 0.0162887466928 7.72212321466 6.89069409134e-07 0.999943672896 
12390 61.8059608173 0.0484513383024 3.36685015223 0.499999980154 0.877574986045 
12391 37.6720058007 0.164686982295 0.764621924518 0.499999999335 0.974539624083 
12405 67.543830372 0.00819525348425 15.4452833996 0.499999901807 0.857504869038 
12406 22.7208616428 0.00313955878328 49.8464594729 0.152616886575 0.999998372345 
12417 111.081547874 0.0192100166183 9.65692034791 0.49997090769 0.606128731825 
12418 100.438717706 0.0131616192891 11.370314645 0.499920719448 0.679799285625 
12426 148.015731418 0.729603919349 0.844246374561 0.49999999966 5.52476341154e-07 
12427 91.7908367574 0.999998481026 2.62982436784 0.49999968222 0.722241282835 
