subj RL RL_auto switch switch_prob bias random
12312 85.3147696193 0.0153049825278 10.5242556462 0.499882532889 0.768659623526 
12314 64.6354180264 0.0909077106685 1.03867418553 0.499999991615 0.874334906246 
12315 92.2658237213 0.0909638105056 2.53923097912 0.499999998171 0.727323205939 
12316 89.7237283013 0.0122858663222 11.2205839847 0.499999721843 0.744511945512 
12317 96.5619724969 0.0239760891755 7.43121411898 0.499853072247 0.702389386349 
12318 33.4905399003 0.00224176503699 32.086339679 0.0714682104523 0.999999959035 
12319 48.6498862978 0.0412924503967 4.21113482263 0.499999996371 0.929326264794 
12320 37.0085515755 0.00540667460542 26.0030451001 0.499993015628 0.975232807785 
12329 122.520105964 0.237892565798 1.09336134008 0.499999999924 0.50310138521 
12330 103.194071378 0.0282008644692 6.58079616155 0.49999999981 0.658414390247 
-1 88.5300930251 0.0116541930594 10.7736061788 0.499999999507 0.75856374469 
