subj RL RL_auto switch switch_prob bias random
62021 148.01573119 0.998613061577 1.30948604953 0.499999998465 2.87129159114e-09 
62022 148.015731029 0.0749369183176 2.5335102589 0.499999998629 1.4321959655e-10 
62023 148.015771999 0.0279512913148 2.11992788632 0.499999967238 2.84777745265e-07 
62024 148.01574544 0.168836742336 0.206186181956 0.499999965142 1.22479975647e-08 
62025 143.383796791 0.0329908847524 1.50188739821 0.499999999725 0.238725132212 
62026 56.0416996916 0.411626547114 25.7154037655 0.5 0.878787917137 
62027 148.015732036 0.633377920062 1.56721806383 0.499999997648 9.74447732228e-09 
62028 148.015850433 0.252248551617 0.267753500036 0.499999785031 3.94979626998e-07 
62029 148.015736721 0.915266775076 2.18896853831 0.499999992659 3.15174715842e-08 
20162 148.015815605 0.48382751889 0.294673759025 0.49999983288 1.89001767918e-07 
20163 148.015743984 0.29440266469 2.09203495965 0.499999986115 1.09372225708e-07 
20164 148.015738624 0.689462212219 1.35233518748 0.499999990919 4.44136983755e-08 
20169 148.015733692 0.7478802576 2.27937332392 0.49999999733 2.78915121062e-08 
62036 148.015730531 0.974610448133 0.074870360295 0.499999999934 3.25577621924e-10 
62037 148.015733538 0.614441305655 1.91091630775 0.49999999993 2.98667609412e-08 
62038 144.806924139 0.0888532282084 4.21193995002 0.499999999998 0.181595333354 
62039 95.7965065768 0.0116963742682 2.56472826239 0.499496599585 0.818058879509 
62040 148.015756552 0.170787328531 0.0395306318837 0.499999966154 1.28611884328e-07 
1111 142.280107061 0.00529538303109 5.53039580289 0.499999999949 0.29467018091 
1112 110.914485839 0.0512791826356 0.984020225161 0.499999997191 0.673355621379 
1113 148.015734714 0.222811786066 1.99048340452 0.499999990898 8.19347000486e-09 
1114 148.015735021 0.411835746193 2.12624631882 0.49999999367 4.13310581772e-08 
1115 148.01573169 0.544221623586 1.07427913462 0.49999999869 6.94119672219e-09 
62041 148.015734958 0.852597126425 1.77000772187 0.499999992749 1.64678909971e-08 
62042 148.015738346 0.197807308514 1.48314131336 0.499999988168 3.25825874287e-08 
62043 148.015743363 0.578819992481 0.28782128466 0.499999988814 8.45129930535e-08 
50018 148.015763524 0.0439072053444 0.576360454828 0.499999960097 3.38960012198e-07 
50019 148.015783672 0.328319978446 0.513714833982 0.499999896432 9.642511315e-08 
50020 48.7186161041 0.00379589227019 14.0919970821 3.56188368934e-05 0.999999998389 
50117 148.015744278 0.0112820036894 0.830871125208 0.499999993586 1.1477793828e-07 
50119 148.015801547 0.686249174026 3.47250169448 0.499999940778 4.49550650219e-07 
