subj RL RL_auto switch switch_prob bias random lag Bev Blag
62021 112.204534361 108.609381456 109.34913798 0.128196031398 114.372264916 110.90354889 96.688763328 0.267156700493 0.489056555505 
62022 114.90354889 105.375753416 97.5683829427 0.0256448450398 116.703214353 110.90354889 94.174891581 0.359917896083 0.538625077754 
62023 114.90354889 105.36033377 101.847192224 0.0512820537561 116.703214321 110.90354889 74.7515276617 15.6341358072 1.0220776995 
62024 114.890704445 100.924364414 97.568382931 0.025643690385 116.502879674 110.90354889 95.5873008821 0.0713945781597 0.505852753091 
62025 113.061282273 89.9221638116 90.4643472384 0.0 93.8393860864 110.90354889 115.061396737 0.0525206320988 2.01669116204e-09 
62026 16.9135541628 18.3350588885 61.0353362735 0.499999710201 61.4541242422 110.90354889 10.9887664826 69.9082614659 10.7000984749 
62027 114.701953379 107.781773573 105.025444605 0.0769248862025 116.502879698 110.90354889 105.02557238 59.1758573302 0.352901872413 
62028 114.90354889 108.608066423 101.847192225 0.051283124855 115.897793894 110.90354889 102.40175613 9.96803227162e-10 0.395705822541 
62029 114.90354889 101.044306449 97.5683829467 0.0256451704985 116.703214309 110.90354889 38.5293697636 2.03882220784 2.32027829082 
20162 111.733071352 109.546190373 110.768195525 0.153834637546 115.548864171 110.90354889 103.383308489 78.1186306703 0.346297002516 
20163 114.010564031 106.873306684 105.025444605 0.07692122245 114.875192826 110.90354889 86.6454880353 18.9447901693 0.776934845486 
20164 114.90354889 93.8889830934 90.4643472384 0.0 116.703214349 110.90354889 49.5596778535 7.00377610341 1.75847057727 
20169 113.852799368 103.054703064 97.5683831233 0.0256524428192 115.548864222 110.90354889 81.2469582146 21.2432078006 0.869544374198 
62036 114.342798168 107.339674697 105.025444653 0.0769325382914 115.042052705 110.90354889 102.357873207 0.0844170020268 0.377323775517 
62037 114.90354889 108.608066433 105.025444606 0.076921207168 114.845601735 110.90354889 99.5614405043 24.7701039156 0.446440513804 
62038 78.4703721292 80.4703721385 87.4019939674 0.499999891228 79.8224429459 110.90354889 80.4703723347 0.248968682294 1.3284720198e-08 
62039 79.6639840024 81.6492176284 102.756916517 0.487177291971 91.8834279526 110.90354889 79.7644729054 50.9016935139 0.152455969285 
62040 114.845042039 105.105271597 101.847192224 0.0512816575661 116.502879654 110.90354889 79.378958266 0.121639631842 0.911889101508 
1111 114.90354889 94.159086884 90.4643472384 0.0 116.903549066 110.90354889 46.6600352685 3.36269805219e-09 1.92580896724 
1112 72.2792339304 71.2839667107 102.756916525 0.48718685664 91.8834278759 110.90354889 56.8148523777 850.231531976 0.906740865953 
1113 114.796484744 112.788610245 109.349137952 0.12820548254 115.897793804 110.90354889 100.522758587 0.0534900440436 0.420243054287 
1114 114.604415297 104.304698241 101.847192253 0.0512880617414 115.897793702 110.90354889 91.4881597936 0.425462216911 0.584730031969 
1115 114.90354889 105.375753409 101.847192224 0.0512822543969 116.703214314 110.90354889 74.9035628864 2.98433425459 1.02444525799 
62041 114.90354889 93.8889830934 90.4643472384 2.22044604925e-16 116.703214391 110.90354889 50.1575326602 2.49367058886e-09 1.78448124506 
62042 114.90354889 96.0294016235 90.4643472384 0.0 116.703214369 110.90354889 46.2035682004 7.94114566221e-11 1.90276834809 
62043 114.90354889 105.374739756 97.5683829333 0.0256380986558 116.7032144 110.90354889 59.2293302492 0.0715045439067 1.4941800948 
50018 110.297803537 112.270392382 112.895049864 0.256411062314 111.470732946 110.90354889 108.028097705 0.139766004845 0.158856555159 
50019 114.90354889 93.8889830934 90.4643472384 3.33066907388e-16 116.098128519 110.90354889 89.1650744899 2.2576021553e-10 0.629717210697 
50020 44.6855871545 45.6775654199 83.0075460836 0.499999898133 67.7485326263 110.90354889 41.0726555874 158.280913005 0.616421184815 
50117 114.90354889 93.874943505 90.4643472384 0.0 116.703214301 110.90354889 51.4139696529 1.5935379463 1.73280621145 
50119 114.51213008 107.551812252 105.025444605 0.0769215838601 115.89779377 110.90354889 89.1342839412 0.465725124217 0.693963294008 
50023 114.90354889 101.044306455 97.5683829203 0.025640505176 116.903549051 110.90354889 68.2790606209 9.99636481611e-10 1.16557015479 
50024 114.687812687 100.201028894 97.5683829212 0.0256419461193 116.70321439 110.90354889 99.1009639566 0.161396185635 0.428358536517 
50025 114.787083211 93.3379073248 90.4643472384 2.77555756156e-17 115.424456943 110.90354889 102.237905403 0.074766217789 0.349226846281 
50026 114.630491402 110.594816326 105.025444624 0.0769169856068 115.54886422 110.90354889 102.196747097 26.3532667518 0.404425052151 
50027 99.5572151291 101.55726878 109.47569709 0.384611118719 102.637895238 110.90354889 99.9728564601 0.207542180241 0.0669112490251 
50028 21.8015951588 20.2718003944 69.8242151783 0.499999797537 40.3244051451 110.90354889 23.3193229352 155.005573275 0.361467437104 
50029 114.90354889 93.8424232508 90.4643472384 1.11022302463e-16 116.280197916 110.90354889 81.3456902886 35.6408023842 0.898190221376 
50122 99.4992714991 101.41689846 110.623615081 0.358974678591 99.5286495228 110.90354889 100.393612366 0.22445787452 0.0579435050643 
50123 54.4243128409 54.1209854718 87.4019960369 0.49999985143 67.74853245 110.90354889 51.6463567831 2.79766749442 0.534570699465 
50124 84.2221149486 86.1978436856 102.756916532 0.48716953346 90.146762341 110.90354889 85.9795377371 0.369211984955 0.0360129836056 
50030 95.2409892571 97.2381099094 108.110989355 0.410255254458 100.266253814 110.90354889 89.5112065197 0.343562485989 0.266676283718 
50031 114.90354889 93.8889830934 90.4643472384 1.11022302463e-16 116.903549026 110.90354889 12.3561076607 145.620393576 39.2724554881 
50032 114.90354889 105.37575341 97.5683829308 0.0256383850264 116.703214309 110.90354889 33.6380116115 2.87184484378 2.58462007414 
50033 114.855059659 93.5594477191 90.4643472384 2.77555756156e-17 116.280197923 110.90354889 78.717548964 0.0899791831024 0.870976384616 
50034 114.832541863 116.217274083 111.791743729 0.17948644405 116.502879696 110.90354889 104.451545093 0.118176992353 0.365428240763 
50136 112.474149447 114.474149492 112.695536738 0.282040120867 113.30334177 110.90354889 108.324457943 0.163184963907 0.221838482121 
50137 112.245132452 87.9377711498 90.4643472384 3.33066907388e-16 100.89030841 110.90354889 114.245132483 0.0760233823444 1.54126906665e-10 
50138 114.90354889 105.375753409 101.847192231 0.0512790569859 116.703214371 110.90354889 104.881512609 1.5303368073e-09 0.317553682351 
