1  62021 238.98514 282.63815 311.20210        1
2  62022 244.00136 287.03258 273.84922        1
3  62023 212.46364 295.82153 247.39159        1
4  62024 211.42889 291.42701 232.01766        1
5  62025 202.68882 330.97707 304.61035        1
6  62026  82.66747 348.55485 355.14653        1
7  62027 275.64573 293.62423 289.22978        1
8  62028 272.06824 278.24367 276.04647        1
9  62029 116.52459 355.14653  63.22505        0
27 50018 245.11627 271.65206 300.21592        1
28 50019 273.98187 300.21598 278.24365        1
29 50020  41.07204 344.16040 355.14651        1
30 50117 154.59929 110.33382 352.94934        0
31 50119 252.94559 153.23152 355.14652        0
32 50023 207.93824 317.79377 302.41320        1
33 50024 238.06174 267.25763 306.80758        1
34 50025 254.61537 273.84921 289.22981        1
35 50026 270.25044 302.41313 276.04644        1
36 50027 209.79210 309.00483 328.77986        1
37 50028  23.32000 357.34377 350.75210        1
38 50029 166.20090  91.54959 355.14655        0
39 50122 106.21667 337.56873 333.17429        1
40 50123  88.29795 344.16043 341.96317        1
41 50124 167.93850 330.97706 317.79371        1
42 50030 242.92887 322.18815 278.24369        1
43 50031 204.21477 295.82145 229.16823        1
44 50032 117.60378 300.21593 306.80761        1
45 50033 224.35462 242.59270 300.21595        1
46 50034 274.54006 289.22981 287.03262        1
47 50136 236.65053 328.77983 309.00481        1
48 50137 277.35225 240.07152 326.58262        0
49 50138 256.77804 276.04646 287.03258        1




5 were best fit by the rotating model



50029
50124
50031
50137
50138